1	1	0	0	8.000	44.444	1	73.800	0.250	2	1	1	-89	0	499	2200	2404	1701	-1	719	720
1	2	0	0	8.000	44.444	1	98.400	0.333	2	1	-1	-51	0	504	947	1149	443	1	726	720
1	3	0	0	12.000	55.556	1	236.160	0.667	2	1	1	-79	0	501	834	1036	332	1	722	720
1	4	0	0	4.000	34.028	1	154.227	0.800	1	1	-1	-57	0	500	1005	1208	505	1	721	720
1	5	0	0	4.000	34.028	1	128.522	0.667	2	1	-1	-75	0	503	1919	2122	1415	1	725	720
1	6	0	0	8.000	44.444	1	98.400	0.333	1	1	1	-45	0	502	1024	1226	522	1	722	720
1	7	0	0	12.000	55.556	1	236.160	0.667	1	1	-1	-54	0	504	21116	21318	20612	-1	726	720
1	8	0	0	12.000	55.556	1	354.240	1.000	1	1	1	-86	0	500	1109	1311	609	1	720	720
1	9	0	0	4.000	34.028	1	192.784	1.000	1	1	1	-59	0	499	1270	1472	770	-1	719	720
1	10	0	0	8.000	44.444	1	147.600	0.500	1	1	-1	-86	0	502	1045	1247	543	1	723	720
1	11	0	0	12.000	55.556	1	177.120	0.500	1	1	-1	-58	0	502	1192	1394	689	-1	724	720
1	12	0	0	12.000	55.556	1	88.560	0.250	1	1	1	-79	0	504	18468	18671	17965	-1	725	720
1	13	0	0	12.000	55.556	1	354.240	1.000	2	1	-1	-84	0	504	710	912	206	-1	725	720
1	14	0	0	12.000	55.556	1	177.120	0.500	1	1	1	-51	0	504	784	986	280	1	726	720
1	15	0	0	8.000	44.444	1	236.160	0.800	2	1	-1	-78	0	503	884	1087	381	1	725	720
1	16	0	0	8.000	44.444	1	147.600	0.500	2	1	1	-45	0	501	799	1002	298	1	721	720
1	17	0	0	8.000	44.444	1	295.200	1.000	1	1	-1	-69	0	505	31234	31436	30729	-1	727	720
1	18	0	0	4.000	34.028	1	64.261	0.333	1	1	-1	-79	0	504	1420	1622	915	1	726	720
1	19	0	0	12.000	55.556	1	442.800	1.250	1	1	-1	-49	0	502	1360	1562	858	1	723	720
1	20	0	0	12.000	55.556	1	236.160	0.667	1	1	1	-69	0	504	34309	34511	33805	-1	726	720
1	21	0	0	4.000	34.028	1	48.196	0.250	1	1	-1	-185	0	502	613	816	111	-1	722	720
1	22	0	0	8.000	44.444	1	196.800	0.667	2	1	1	-82	0	501	1385	1587	885	-1	721	720
1	23	0	0	8.000	44.444	1	369.000	1.250	2	1	1	-86	0	500	990	1192	490	-1	720	720
1	24	0	0	8.000	44.444	1	295.200	1.000	1	1	1	-63	0	501	1762	1964	1261	1	721	720
1	25	0	0	12.000	55.556	1	88.560	0.250	2	1	-1	-51	0	500	1353	1555	853	1	719	720
1	26	0	0	4.000	34.028	1	128.522	0.667	1	1	1	-68	0	500	1311	1513	811	1	720	720
1	27	0	0	4.000	34.028	1	128.522	0.667	2	1	1	-77	0	502	869	1071	367	1	723	720
1	28	0	0	12.000	55.556	1	118.080	0.333	2	1	1	-61	0	505	1359	1561	853	1	727	720
1	29	0	0	12.000	55.556	1	88.560	0.250	1	1	-1	-71	0	503	1061	1263	558	-1	725	720
1	30	0	0	12.000	55.556	1	442.800	1.250	2	1	1	-43	0	502	808	1010	306	1	723	720
1	31	0	0	8.000	44.444	1	196.800	0.667	1	1	-1	-63	0	502	748	950	246	1	723	720
1	32	0	0	4.000	34.028	1	154.227	0.800	2	1	1	-81	0	502	835	1037	333	1	722	720
1	33	0	0	8.000	44.444	1	236.160	0.800	1	1	1	-52	0	504	766	968	261	1	726	720
1	34	0	0	8.000	44.444	1	236.160	0.800	2	1	1	-62	0	502	748	950	246	1	723	720
1	35	0	0	8.000	44.444	1	147.600	0.500	2	1	-1	-39	0	501	708	910	207	-1	721	720
1	36	0	0	8.000	44.444	1	369.000	1.250	2	1	-1	-54	0	505	755	958	250	1	727	720
1	37	0	0	4.000	34.028	1	240.980	1.250	1	1	1	-65	0	503	634	837	131	-1	725	720
1	38	0	0	12.000	55.556	1	177.120	0.500	2	1	1	-68	0	503	646	848	143	1	725	720
1	39	0	0	12.000	55.556	1	354.240	1.000	2	1	1	-67	0	506	679	882	174	-1	728	720
1	40	0	0	4.000	34.028	1	154.227	0.800	2	1	-1	-50	0	504	651	853	147	1	726	720
1	41	0	0	8.000	44.444	1	196.800	0.667	2	1	-1	-71	0	504	981	1183	477	-1	726	720
1	42	0	0	12.000	55.556	1	283.392	0.800	1	1	-1	-82	0	505	728	930	223	1	727	720
1	43	0	0	12.000	55.556	1	354.240	1.000	1	1	-1	-84	0	504	647	850	143	-1	725	720
1	44	0	0	12.000	55.556	1	442.800	1.250	1	1	1	-46	0	502	683	886	182	1	722	720
1	45	0	0	4.000	34.028	1	240.980	1.250	2	1	1	-78	0	500	765	967	264	-1	721	720
1	46	0	0	8.000	44.444	1	73.800	0.250	2	1	-1	-58	0	504	649	851	145	1	725	720
1	47	0	0	4.000	34.028	1	64.261	0.333	2	1	-1	-45	0	500	631	833	131	1	719	720
1	48	0	0	12.000	55.556	1	283.392	0.800	1	1	1	-75	0	505	592	794	87	1	727	720
1	49	0	0	12.000	55.556	1	118.080	0.333	1	1	1	-87	0	505	652	854	146	-1	727	720
1	50	0	0	4.000	34.028	1	154.227	0.800	1	1	1	-86	0	504	790	992	286	1	726	720
1	51	0	0	12.000	55.556	1	118.080	0.333	2	1	-1	-40	0	504	756	958	252	-1	726	720
1	52	0	0	8.000	44.444	1	147.600	0.500	1	1	1	-55	0	500	572	774	72	1	720	720
1	53	0	0	4.000	34.028	1	192.784	1.000	2	1	1	-75	0	499	1385	1587	886	1	719	720
1	54	0	0	8.000	44.444	1	295.200	1.000	2	1	-1	-37	0	503	1390	1592	887	1	725	720
1	55	0	0	12.000	55.556	1	442.800	1.250	2	1	-1	-72	0	500	1380	1582	880	1	720	720
1	56	0	0	4.000	34.028	1	240.980	1.250	1	1	-1	-68	0	505	919	1121	414	-1	728	720
1	57	0	0	4.000	34.028	1	192.784	1.000	1	1	-1	-76	0	502	903	1106	402	-1	723	720
1	58	0	0	12.000	55.556	1	236.160	0.667	2	1	-1	-67	0	505	831	1033	326	-1	727	720
1	59	0	0	4.000	34.028	1	128.522	0.667	1	1	-1	-80	0	502	706	908	204	1	723	720
1	60	0	0	4.000	34.028	1	64.261	0.333	1	1	1	-40	0	500	732	934	232	-1	720	720
1	61	0	0	8.000	44.444	1	98.400	0.333	1	1	-1	-80	0	503	714	916	211	-1	724	720
1	62	0	0	4.000	34.028	1	96.392	0.500	1	1	1	-65	0	501	650	853	149	-1	722	720
1	63	0	0	12.000	55.556	1	283.392	0.800	2	1	1	-46	0	503	766	968	262	-1	725	720
1	64	0	0	4.000	34.028	1	240.980	1.250	2	1	-1	-64	0	501	996	1198	495	-1	721	720
1	65	0	0	12.000	55.556	1	283.392	0.800	2	1	-1	-59	0	503	759	962	257	1	724	720
1	66	0	0	12.000	55.556	1	177.120	0.500	2	1	-1	-44	0	501	639	842	139	1	721	720
1	67	0	0	4.000	34.028	1	96.392	0.500	2	1	1	-49	0	502	628	830	126	1	723	720
1	68	0	0	8.000	44.444	1	98.400	0.333	2	1	1	-76	0	500	638	841	138	1	720	720
1	69	0	0	4.000	34.028	1	192.784	1.000	2	1	-1	-83	0	503	688	890	184	1	725	720
1	70	0	0	8.000	44.444	1	295.200	1.000	2	1	1	-57	0	502	650	852	148	1	723	720
1	71	0	0	4.000	34.028	1	64.261	0.333	2	1	1	-47	0	503	749	951	246	1	724	720
1	72	0	0	4.000	34.028	1	96.392	0.500	2	1	-1	-72	0	505	747	949	242	-1	728	720
1	73	0	0	8.000	44.444	1	369.000	1.250	1	1	1	-57	0	503	699	901	195	-1	725	720
1	74	0	0	8.000	44.444	1	196.800	0.667	1	1	1	-56	0	503	923	1126	420	1	725	720
1	75	0	0	8.000	44.444	1	236.160	0.800	1	1	-1	-73	0	503	627	829	124	1	724	720
1	76	0	0	4.000	34.028	1	96.392	0.500	1	1	-1	-77	0	500	758	960	259	-1	719	720
1	77	0	0	4.000	34.028	1	48.196	0.250	1	1	1	-39	0	503	1020	1223	517	1	725	720
1	78	0	0	12.000	55.556	1	88.560	0.250	2	1	1	-51	0	503	809	1011	306	1	725	720
1	79	0	0	8.000	44.444	1	73.800	0.250	1	1	1	-52	0	499	767	969	268	-1	719	720
1	80	0	0	8.000	44.444	1	369.000	1.250	1	1	-1	-45	0	500	774	976	274	1	720	720
1	81	0	0	4.000	34.028	1	48.196	0.250	2	1	1	-58	0	503	602	804	99	1	724	720
1	82	0	0	4.000	34.028	1	48.196	0.250	2	1	-1	-76	0	500	799	1001	299	1	721	720
1	83	0	0	8.000	44.444	1	73.800	0.250	1	1	-1	-65	0	505	779	981	274	1	727	720
1	84	0	0	12.000	55.556	1	118.080	0.333	1	1	-1	-73	0	500	714	916	214	-1	719	720
