1	1	0	0	8.000	44.444	1	98.400	0.333	2	1	-1	-42	0	501	1468	1672	967	-1	722	720
1	2	0	0	8.000	44.444	1	196.800	0.667	1	1	1	-74	0	501	1007	1210	507	-1	721	720
1	3	0	0	8.000	44.444	1	196.800	0.667	1	1	-1	-46	0	505	875	1077	369	1	728	720
1	4	0	0	8.000	44.444	1	295.200	1.000	2	1	-1	-83	0	502	709	911	207	-1	722	720
1	5	0	0	12.000	55.556	1	442.800	1.250	1	1	1	-44	0	501	853	1056	352	-1	721	720
1	6	0	0	12.000	55.556	1	442.800	1.250	2	1	1	-61	0	499	1017	1219	517	1	719	720
1	7	0	0	12.000	55.556	1	442.800	1.250	1	1	-1	-63	0	505	914	1116	409	1	728	720
1	8	0	0	8.000	44.444	1	196.800	0.667	2	1	-1	-47	0	503	997	1199	494	-1	724	720
1	9	0	0	8.000	44.444	1	73.800	0.250	1	1	-1	-41	0	500	825	1028	326	-1	720	720
1	10	0	0	12.000	55.556	1	118.080	0.333	2	1	1	-69	0	500	733	936	234	1	719	720
1	11	0	0	4.000	34.028	1	128.522	0.667	2	1	1	-78	0	500	869	1071	369	1	720	720
1	12	0	0	12.000	55.556	1	177.120	0.500	2	1	1	-77	0	505	1132	1334	627	1	727	720
1	13	0	0	8.000	44.444	1	236.160	0.800	1	1	1	-48	0	505	956	1158	451	1	728	720
1	14	0	0	8.000	44.444	1	98.400	0.333	1	1	1	-81	0	506	794	997	289	1	728	720
1	15	0	0	8.000	44.444	1	295.200	1.000	1	1	1	-76	0	505	798	1000	293	1	728	720
1	16	0	0	8.000	44.444	1	98.400	0.333	1	1	-1	-56	0	503	754	957	251	-1	724	720
1	17	0	0	8.000	44.444	1	369.000	1.250	2	1	1	-65	0	502	827	1029	325	1	722	720
1	18	0	0	8.000	44.444	1	147.600	0.500	1	1	-1	-79	0	505	868	1070	362	1	727	720
1	19	0	0	8.000	44.444	1	236.160	0.800	2	1	-1	-59	0	499	815	1018	316	1	719	720
1	20	0	0	12.000	55.556	1	283.392	0.800	1	1	-1	-40	0	503	964	1166	461	-1	724	720
1	21	0	0	12.000	55.556	1	354.240	1.000	1	1	1	-74	0	503	777	979	274	1	725	720
1	22	0	0	8.000	44.444	1	369.000	1.250	1	1	-1	-61	0	506	862	1064	357	1	728	720
1	23	0	0	4.000	34.028	1	192.784	1.000	1	1	1	-50	0	502	698	900	196	-1	723	720
1	24	0	0	4.000	34.028	1	192.784	1.000	2	1	1	-39	0	502	836	1038	334	1	722	720
1	25	0	0	12.000	55.556	1	354.240	1.000	2	1	1	-60	0	501	935	1137	434	-1	721	720
1	26	0	0	4.000	34.028	1	240.980	1.250	1	1	-1	-44	0	500	372751	372954	372252	-1	719	720
1	27	0	0	12.000	55.556	1	354.240	1.000	1	1	-1	-171	0	506	818	1020	312	1	729	720
1	28	0	0	4.000	34.028	1	64.261	0.333	1	1	1	-48	0	502	692	894	190	1	722	720
1	29	0	0	8.000	44.444	1	73.800	0.250	1	1	1	-47	0	505	851	1053	347	1	727	720
1	30	0	0	8.000	44.444	1	147.600	0.500	1	1	1	-84	0	500	15007	15210	14507	1	719	720
1	31	0	0	8.000	44.444	1	147.600	0.500	2	1	-1	-179	0	497	526	729	29	1	716	720
1	32	0	0	12.000	55.556	1	88.560	0.250	2	1	-1	-79	0	501	601	803	100	1	721	720
1	33	0	0	8.000	44.444	1	369.000	1.250	1	1	1	-39	0	505	604	806	99	1	727	720
1	34	0	0	4.000	34.028	1	48.196	0.250	1	1	-1	-58	0	505	532	734	27	1	727	720
1	35	0	0	4.000	34.028	1	64.261	0.333	2	1	1	-38	0	504	532	734	27	1	726	720
1	36	0	0	4.000	34.028	1	240.980	1.250	2	1	-1	-39	0	504	570	772	67	1	725	720
1	37	0	0	12.000	55.556	1	236.160	0.667	1	1	-1	-84	0	504	1223	1425	720	1	725	720
1	38	0	0	4.000	34.028	1	128.522	0.667	1	1	1	-40	0	505	1211	1413	706	1	727	720
1	39	0	0	12.000	55.556	1	177.120	0.500	2	1	-1	-76	0	503	1432	1634	929	1	724	720
1	40	0	0	4.000	34.028	1	240.980	1.250	2	1	1	-64	0	505	969	1173	464	1	728	720
1	41	0	0	12.000	55.556	1	236.160	0.667	2	1	-1	-49	0	504	961	1163	457	1	726	720
1	42	0	0	4.000	34.028	1	128.522	0.667	1	1	-1	-43	0	502	720	922	219	1	722	720
1	43	0	0	8.000	44.444	1	73.800	0.250	2	1	1	-60	0	503	648	850	145	1	724	720
1	44	0	0	12.000	55.556	1	442.800	1.250	2	1	-1	-56	0	505	866	1068	361	1	727	720
1	45	0	0	4.000	34.028	1	154.227	0.800	2	1	1	-38	0	504	853	1055	349	1	726	720
1	46	0	0	12.000	55.556	1	236.160	0.667	2	1	1	-67	0	501	801	1003	299	1	722	720
1	47	0	0	8.000	44.444	1	236.160	0.800	1	1	-1	-63	0	505	645	847	140	1	727	720
1	48	0	0	12.000	55.556	1	88.560	0.250	1	1	1	-58	0	500	618	820	118	1	719	720
1	49	0	0	4.000	34.028	1	64.261	0.333	2	1	-1	-63	0	504	532	734	27	1	726	720
1	50	0	0	12.000	55.556	1	283.392	0.800	1	1	1	-72	0	505	546	748	41	1	727	720
1	51	0	0	12.000	55.556	1	88.560	0.250	2	1	1	-65	0	502	698	900	196	1	723	720
1	52	0	0	8.000	44.444	1	295.200	1.000	2	1	1	-40	0	503	827	1029	324	1	724	720
1	53	0	0	8.000	44.444	1	98.400	0.333	2	1	1	-45	0	504	614	817	110	1	726	720
1	54	0	0	4.000	34.028	1	48.196	0.250	2	1	1	-62	0	502	588	790	86	1	722	720
1	55	0	0	8.000	44.444	1	369.000	1.250	2	1	-1	-67	0	504	532	734	28	1	726	720
1	56	0	0	12.000	55.556	1	118.080	0.333	2	1	-1	-47	0	502	593	795	91	1	723	720
1	57	0	0	12.000	55.556	1	283.392	0.800	2	1	-1	-62	0	504	605	808	102	1	725	720
1	58	0	0	12.000	55.556	1	354.240	1.000	2	1	-1	-82	0	504	1561	1763	1057	1	725	720
1	59	0	0	8.000	44.444	1	295.200	1.000	1	1	-1	-52	0	505	734	937	229	1	727	720
1	60	0	0	8.000	44.444	1	236.160	0.800	2	1	1	-53	0	503	1279	1481	776	1	725	720
1	61	0	0	12.000	55.556	1	177.120	0.500	1	1	-1	-66	0	502	1401	1603	899	1	723	720
1	62	0	0	4.000	34.028	1	96.392	0.500	2	1	-1	-44	0	501	1190	1392	689	1	722	720
1	63	0	0	4.000	34.028	1	48.196	0.250	1	1	1	-63	0	502	890	1093	388	1	722	720
1	64	0	0	8.000	44.444	1	196.800	0.667	2	1	1	-38	0	502	853	1055	350	1	723	720
1	65	0	0	12.000	55.556	1	177.120	0.500	1	1	1	-43	0	503	903	1106	400	1	725	720
1	66	0	0	4.000	34.028	1	192.784	1.000	1	1	-1	-51	0	503	609	811	106	1	724	720
1	67	0	0	4.000	34.028	1	154.227	0.800	1	1	-1	-54	0	503	628	832	125	-1	725	720
1	68	0	0	4.000	34.028	1	96.392	0.500	1	1	-1	-56	0	500	602	805	103	1	719	720
1	69	0	0	12.000	55.556	1	118.080	0.333	1	1	1	-69	0	500	1567	1769	1067	1	720	720
1	70	0	0	4.000	34.028	1	192.784	1.000	2	1	-1	-63	0	501	756	958	254	1	722	720
1	71	0	0	12.000	55.556	1	283.392	0.800	2	1	1	-57	0	500	722	924	222	1	720	720
1	72	0	0	12.000	55.556	1	236.160	0.667	1	1	1	-41	0	500	763	965	262	1	720	720
1	73	0	0	12.000	55.556	1	88.560	0.250	1	1	-1	-67	0	501	816	1018	315	1	722	720
1	74	0	0	4.000	34.028	1	96.392	0.500	2	1	1	-73	0	505	723	925	218	1	727	720
1	75	0	0	4.000	34.028	1	154.227	0.800	1	1	1	-80	0	504	674	877	170	1	726	720
1	76	0	0	8.000	44.444	1	147.600	0.500	2	1	1	-53	0	500	774	976	274	-1	720	720
1	77	0	0	8.000	44.444	1	73.800	0.250	2	1	-1	-88	0	500	755	958	256	1	719	720
1	78	0	0	4.000	34.028	1	154.227	0.800	2	1	-1	-83	0	503	999	1201	496	1	724	720
1	79	0	0	4.000	34.028	1	240.980	1.250	1	1	1	-71	0	500	556	758	56	1	720	720
1	80	0	0	4.000	34.028	1	64.261	0.333	1	1	-1	-57	0	504	881	1084	377	1	725	720
1	81	0	0	4.000	34.028	1	96.392	0.500	1	1	1	-71	0	499	1148	1350	649	1	719	720
1	82	0	0	12.000	55.556	1	118.080	0.333	1	1	-1	-66	0	505	720	923	215	1	728	720
1	83	0	0	4.000	34.028	1	48.196	0.250	2	1	-1	-48	0	501	795	997	294	1	722	720
1	84	0	0	4.000	34.028	1	128.522	0.667	2	1	-1	-78	0	504	821	1023	317	1	726	720
