1	1	0	0	12.000	55.556	1	354.240	1.000	2	1	-1	-206	0	498	10707	10911	10210	1	716	720
1	2	0	0	12.000	55.556	1	442.800	1.250	2	1	1	-40	0	502	1603	1806	1101	1	723	720
1	3	0	0	12.000	55.556	1	118.080	0.333	2	1	1	-47	0	500	3208	3411	2708	1	720	720
1	4	0	0	4.000	34.028	1	64.261	0.333	2	1	-1	-44	0	504	2067	2270	1564	-1	725	720
1	5	0	0	8.000	44.444	1	73.800	0.250	1	1	-1	-67	0	499	1702	1905	1203	-1	719	720
1	6	0	0	4.000	34.028	1	128.522	0.667	1	1	1	-71	0	500	3078	3280	2577	1	721	720
1	7	0	0	12.000	55.556	1	442.800	1.250	2	1	-1	-81	0	505	2333	2535	1827	1	728	720
1	8	0	0	8.000	44.444	1	147.600	0.500	2	1	-1	-46	0	502	16125	16327	15623	-1	723	720
1	9	0	0	8.000	44.444	1	369.000	1.250	1	1	1	-66	0	500	33024	33226	32524	-1	720	720
1	10	0	0	4.000	34.028	1	192.784	1.000	2	1	1	-174	0	494	3137	3339	2643	-1	711	720
1	11	0	0	8.000	44.444	1	98.400	0.333	1	1	-1	-65	0	503	1777	1979	1274	-1	725	720
1	12	0	0	4.000	34.028	1	48.196	0.250	1	1	1	-68	0	505	1293	1495	788	-1	727	720
1	13	0	0	8.000	44.444	1	196.800	0.667	1	1	1	-68	0	501	1863	2065	1362	1	721	720
1	14	0	0	8.000	44.444	1	73.800	0.250	2	1	-1	-40	0	505	952	1154	447	-1	728	720
1	15	0	0	12.000	55.556	1	283.392	0.800	2	1	1	-67	0	501	2376	2578	1876	1	721	720
1	16	0	0	4.000	34.028	1	96.392	0.500	1	1	-1	-79	0	503	1476	1678	972	-1	725	720
1	17	0	0	8.000	44.444	1	73.800	0.250	1	1	1	-52	0	501	1470	1672	969	1	722	720
1	18	0	0	8.000	44.444	1	147.600	0.500	1	1	1	-85	0	505	1165	1368	659	1	728	720
1	19	0	0	8.000	44.444	1	369.000	1.250	2	1	1	-55	0	504	1740	1942	1236	-1	726	720
1	20	0	0	8.000	44.444	1	295.200	1.000	1	1	-1	-80	0	499	1323	1526	824	-1	719	720
1	21	0	0	12.000	55.556	1	118.080	0.333	2	1	-1	-47	0	503	1235	1437	732	-1	725	720
1	22	0	0	4.000	34.028	1	64.261	0.333	1	1	1	-46	0	504	1574	1776	1070	1	726	720
1	23	0	0	8.000	44.444	1	295.200	1.000	2	1	1	-38	0	504	2125	2327	1621	1	725	720
1	24	0	0	12.000	55.556	1	442.800	1.250	1	1	1	-86	0	499	2468	2670	1968	1	719	720
1	25	0	0	4.000	34.028	1	240.980	1.250	1	1	1	-89	0	504	95474	95677	94970	-1	725	720
1	26	0	0	4.000	34.028	1	64.261	0.333	2	1	1	-148	0	506	889	1091	384	1	728	720
1	27	0	0	8.000	44.444	1	236.160	0.800	1	1	1	-56	0	503	731	933	229	-1	724	720
1	28	0	0	8.000	44.444	1	236.160	0.800	2	1	-1	-81	0	504	532	734	27	1	726	720
1	29	0	0	8.000	44.444	1	236.160	0.800	1	1	-1	-80	0	503	777	979	274	1	725	720
1	30	0	0	8.000	44.444	1	295.200	1.000	2	1	-1	-53	0	505	1038	1240	533	1	728	720
1	31	0	0	4.000	34.028	1	48.196	0.250	1	1	-1	-73	0	500	1802	2004	1302	1	720	720
1	32	0	0	12.000	55.556	1	354.240	1.000	1	1	-1	-62	0	500	782	984	282	1	721	720
1	33	0	0	12.000	55.556	1	88.560	0.250	1	1	-1	-66	0	506	881	1084	376	1	728	720
1	34	0	0	12.000	55.556	1	283.392	0.800	1	1	-1	-56	0	504	971	1174	467	1	726	720
1	35	0	0	12.000	55.556	1	177.120	0.500	1	1	-1	-66	0	501	914	1116	413	1	722	720
1	36	0	0	12.000	55.556	1	88.560	0.250	2	1	1	-40	0	501	931	1133	430	1	721	720
1	37	0	0	12.000	55.556	1	283.392	0.800	1	1	1	-74	0	502	1354	1556	851	1	724	720
1	38	0	0	8.000	44.444	1	369.000	1.250	1	1	-1	-59	0	500	1041	1243	542	-1	720	720
1	39	0	0	4.000	34.028	1	240.980	1.250	2	1	-1	-56	0	504	995	1197	491	-1	726	720
1	40	0	0	4.000	34.028	1	48.196	0.250	2	1	1	-59	0	502	1001	1203	499	1	722	720
1	41	0	0	8.000	44.444	1	73.800	0.250	2	1	1	-37	0	500	1471	1673	971	1	720	720
1	42	0	0	8.000	44.444	1	98.400	0.333	2	1	-1	-59	0	501	968	1170	467	-1	721	720
1	43	0	0	12.000	55.556	1	118.080	0.333	1	1	-1	-74	0	503	1205	1407	701	-1	725	720
1	44	0	0	4.000	34.028	1	240.980	1.250	2	1	1	-75	0	502	1201	1403	699	-1	723	720
1	45	0	0	12.000	55.556	1	354.240	1.000	1	1	1	-79	0	504	836	1038	332	1	726	720
1	46	0	0	12.000	55.556	1	354.240	1.000	2	1	1	-69	0	504	983	1185	479	1	726	720
1	47	0	0	12.000	55.556	1	236.160	0.667	2	1	1	-52	0	501	901	1104	400	1	721	720
1	48	0	0	12.000	55.556	1	442.800	1.250	1	1	-1	-53	0	500	983	1185	483	-1	721	720
1	49	0	0	4.000	34.028	1	240.980	1.250	1	1	-1	-47	0	501	964	1167	463	1	721	720
1	50	0	0	12.000	55.556	1	88.560	0.250	1	1	1	-41	0	502	1043	1245	541	1	724	720
1	51	0	0	12.000	55.556	1	236.160	0.667	1	1	1	-36	0	501	959	1161	458	-1	722	720
1	52	0	0	8.000	44.444	1	196.800	0.667	2	1	1	-80	0	506	700	902	194	1	728	720
1	53	0	0	4.000	34.028	1	154.227	0.800	2	1	-1	-44	0	500	647	849	147	1	720	720
1	54	0	0	8.000	44.444	1	98.400	0.333	2	1	1	-84	0	505	759	962	255	1	727	720
1	55	0	0	4.000	34.028	1	154.227	0.800	2	1	1	-61	0	501	814	1017	313	1	722	720
1	56	0	0	4.000	34.028	1	128.522	0.667	1	1	-1	-57	0	504	610	812	106	-1	725	720
1	57	0	0	8.000	44.444	1	196.800	0.667	1	1	-1	-44	0	505	775	977	269	1	728	720
1	58	0	0	8.000	44.444	1	295.200	1.000	1	1	1	-37	0	503	958	1160	455	-1	724	720
1	59	0	0	4.000	34.028	1	96.392	0.500	2	1	1	-52	0	500	1062	1264	562	1	719	720
1	60	0	0	8.000	44.444	1	98.400	0.333	1	1	1	-52	0	502	3415	3617	2913	1	723	720
1	61	0	0	12.000	55.556	1	177.120	0.500	2	1	1	-57	0	501	6883	7085	6381	1	722	720
1	62	0	0	8.000	44.444	1	147.600	0.500	1	1	-1	-82	0	500	9329	9532	8829	1	720	720
1	63	0	0	4.000	34.028	1	192.784	1.000	1	1	-1	-63	0	501	3533	3735	3032	1	721	720
1	64	0	0	4.000	34.028	1	128.522	0.667	2	1	1	-53	0	500	1965	2167	1465	1	720	720
1	65	0	0	8.000	44.444	1	236.160	0.800	2	1	1	-49	0	504	4675	4877	4170	1	726	720
1	66	0	0	4.000	34.028	1	64.261	0.333	1	1	-1	-72	0	505	1153	1356	648	1	728	720
1	67	0	0	8.000	44.444	1	369.000	1.250	2	1	-1	-59	0	504	2513	2715	2009	-1	725	720
1	68	0	0	4.000	34.028	1	48.196	0.250	2	1	-1	-66	0	501	769	971	268	-1	721	720
1	69	0	0	4.000	34.028	1	154.227	0.800	1	1	-1	-86	0	503	806	1008	303	1	724	720
1	70	0	0	12.000	55.556	1	118.080	0.333	1	1	1	-73	0	502	1018	1220	516	1	722	720
1	71	0	0	4.000	34.028	1	192.784	1.000	2	1	-1	-78	0	501	933	1135	432	1	722	720
1	72	0	0	8.000	44.444	1	147.600	0.500	2	1	1	-71	0	502	1100	1302	598	-1	723	720
1	73	0	0	12.000	55.556	1	236.160	0.667	2	1	-1	-55	0	501	877	1079	376	1	722	720
1	74	0	0	4.000	34.028	1	192.784	1.000	1	1	1	-52	0	504	870	1072	365	-1	726	720
1	75	0	0	4.000	34.028	1	96.392	0.500	2	1	-1	-67	0	500	833	1035	333	-1	720	720
1	76	0	0	8.000	44.444	1	196.800	0.667	2	1	-1	-57	0	506	843	1046	337	1	729	720
1	77	0	0	12.000	55.556	1	283.392	0.800	2	1	-1	-77	0	501	919	1121	418	-1	721	720
1	78	0	0	12.000	55.556	1	177.120	0.500	1	1	1	-69	0	501	854	1056	353	1	722	720
1	79	0	0	4.000	34.028	1	128.522	0.667	2	1	-1	-60	0	505	1127	1329	623	1	727	720
1	80	0	0	4.000	34.028	1	96.392	0.500	1	1	1	-58	0	500	1104	1306	604	1	720	720
1	81	0	0	12.000	55.556	1	88.560	0.250	2	1	-1	-77	0	505	926	1128	421	-1	727	720
1	82	0	0	4.000	34.028	1	154.227	0.800	1	1	1	-85	0	503	926	1128	423	1	724	720
1	83	0	0	12.000	55.556	1	177.120	0.500	2	1	-1	-44	0	502	863	1066	362	-1	723	720
1	84	0	0	12.000	55.556	1	236.160	0.667	1	1	-1	-48	0	500	833	1036	334	1	720	720
